annualized_return: -0.13374098887980868
annualized_volatility: 0.257565516702862
max_drawdown: -0.21404527450278765
sharpe: -0.5192503662440873
total_return: -0.10565760678268443
